d=0.2;
b=1.5;
l=1.5;
n=1800;
l2=181;
r=21;
k1=0.006;
k2=0.97;
Is=3.00;
Im=500;
miu=4*3.14*10^-07;
rh1=k1*l*d/(miu*n*Is);
rh2=k2*l*d/(miu*n*Im);m
